,Cloudiness,Humidity,Latitude,Temperature (Fahrenheit),Wind Speed,city
0,48,91,-34.42,55.2,3.15,Mar del Plata
1,0,53,18.9,69.11,2.15,Bursa
2,0,66,51.12,14.63,20.8,Lima
3,24,81,39.51,49.58,3.38,
4,40,78,-12.58,75.2,4.7,Lebu
5,0,60,27.03,45.48,2.71,Saint-Philippe
6,90,83,5.28,85.33,5.82,Chuy
7,8,33,-33.21,81.17,9.19,Morondava
8,76,89,3.34,74.28,4.16,Pisco
9,24,54,-28.95,88.19,4.16,Wloszczowa
10,0,90,43.74,30.14,9.64,
11,20,76,37.73,51.8,6.93,Mayumba
12,0,72,33.3,60.8,10.29,Pimentel
13,40,72,29.06,66.2,14.99,La Rioja
